id:1                     
306
318
614
608

id:2
197
294
379
583

id:3
701
873
1376
1678

id:4
163
291
301
560

id:5
353
347
696
684

id:6
1495
2002
2872
3760

id:7
445
547
818
1054

id:8
506
241
987
445

id:9
389
1537
672
2994

id:10
188
188
363
363

id:11
534
184
1038
363

id:12
365
396
693
771

id:13
311
306
600
600

id:14
108
177
209
336

id:15
70
486
87
945

id:16
104
107
200
198

id:17
705
1413
1264
2744
